                                         [00m
                                      [38;5;226m▄[39m  [00m
                                    [38;5;214m▄[38;5;208m▀[38;5;226m▄[38;5;214m▄[48;5;208;38;5;208m█[49;39m [00m
                  [38;5;16m▄[38;5;231m▄[38;5;16m▀[38;5;244m▀[38;5;231m▀[38;5;231m▀▀▀[38;5;231m▀[38;5;250m▀[38;5;240m▀[38;5;231m▄[38;5;248m▄[39m   [38;5;214m▄[38;5;208m▀[39m [38;5;214m▄[48;5;214;38;5;214m▄[49;38;5;214m▀[38;5;208m▄[38;5;214m▀[39m[00m
                [38;5;250m▄[38;5;244m▀[38;5;16m▄[38;5;246m▄[48;5;16;38;5;252m▄[48;5;95;38;5;255m▄[48;5;248;38;5;231m▄[48;5;250m▄[48;5;251m▄[48;5;251m▄[48;5;249m▄[48;5;245m▄[48;5;16;38;5;253m▄[49;38;5;249m▄[38;5;16m▄[38;5;250m▀[48;5;16;38;5;231m▄[49;38;5;214m▀[39m [38;5;214m▄[48;5;214;38;5;214m▄[48;5;214;38;5;214m▄[49;38;5;208m▀[38;5;214m▄[38;5;208m▀[39m [00m
              [38;5;231m▄[38;5;231m▀[38;5;239m▄[48;5;16;38;5;253m▄[48;5;251;38;5;231m▄[48;5;231;38;5;231m▄[38;5;231m▄[48;5;231;38;5;231m▄[48;5;231;38;5;231m▄[38;5;231m▄▄▄[38;5;231m▄[48;5;231;38;5;231m▄[48;5;231;38;5;231m▄[38;5;231m▄[48;5;254;38;5;231m▄[48;5;246m▄[49;38;5;249m▄[38;5;208m▄[48;5;214;38;5;214m▄[48;5;214;38;5;214m▄[48;5;214;38;5;214m▄[49;38;5;214m▀[38;5;208m▄[38;5;142m▀[39m  [00m
            [38;5;240m▄[38;5;250m▀[38;5;16m▄[48;5;236;38;5;252m▄[48;5;254;38;5;231m▄[48;5;231;38;5;231m▄[48;5;231;38;5;231m▄[48;5;231m▄[48;5;255;38;5;216m▄[48;5;231;38;5;223m▄[48;5;231;38;5;231m█[48;5;231;38;5;231m▄[48;5;231;38;5;231m████[38;5;231m▄[48;5;231;38;5;231m▄[48;5;231m▄[48;5;231;38;5;216m▄[48;5;223;38;5;208m▄[48;5;208;38;5;215m▄[48;5;215;38;5;214m▄[48;5;215;38;5;214m▄[49;38;5;214m▀[38;5;214m▄[38;5;208m▀[39m   [00m
           [38;5;244m▄[38;5;231m▀[38;5;16m▄[48;5;249;38;5;255m▄[48;5;231;38;5;231m▄[48;5;231;38;5;231m▄[48;5;231;38;5;231m▄[48;5;231;38;5;231m▄[48;5;224;38;5;215m▄[48;5;208;38;5;208m▄[48;5;215;38;5;208m▄[48;5;231;38;5;223m▄[48;5;231;38;5;231m█[48;5;231;38;5;231m▄[48;5;231;38;5;231m█[38;5;231m▄[48;5;231;38;5;231m▄[48;5;231;38;5;231m▄[48;5;231;38;5;216m▄[48;5;216;38;5;208m▄[48;5;208;38;5;215m▄[48;5;215;38;5;215m▄[48;5;214;38;5;208m▄[48;5;215;38;5;255m▄[48;5;101;38;5;250m▄[49;39m [48;5;173;38;5;231m▄[49;38;5;16m▄[39m   [00m
          [38;5;16m▄[38;5;231m▀[38;5;16m▄[48;5;145;38;5;188m▄[48;5;231;38;5;231m█[48;5;231;38;5;231m▄[48;5;231;38;5;231m▄[48;5;231;38;5;255m▄[48;5;223;38;5;215m▄[48;5;208;38;5;208m▄[48;5;215;38;5;215m▄[48;5;215;38;5;215m▄[48;5;208;38;5;208m▄[48;5;224;38;5;216m▄[48;5;231;38;5;231m▄[48;5;231;38;5;231m▄[48;5;231;38;5;231m▄[48;5;231;38;5;216m▄[48;5;216;38;5;208m▄[48;5;208;38;5;215m▄[48;5;215;38;5;214m▄[48;5;215;38;5;215m▄[48;5;208;38;5;208m▄[48;5;216;38;5;224m▄[48;5;231;38;5;231m▄[48;5;254;38;5;231m▄[48;5;16;38;5;248m▄[49;39m [48;5;248;38;5;231m▄[49;39m   [00m
          [48;5;244;38;5;250m▄[49;39m [48;5;236;38;5;245m▄[48;5;255;38;5;231m▄[48;5;231;38;5;231m▄[48;5;231;38;5;231m▄[48;5;231;38;5;255m▄[48;5;223;38;5;208m▄[48;5;208;38;5;215m▄[48;5;215;38;5;214m▄[48;5;214;38;5;214m██[48;5;215;38;5;215m▄[48;5;208;38;5;208m▄[48;5;223;38;5;215m▄[48;5;231;38;5;216m▄[48;5;216;38;5;208m▄[48;5;208;38;5;215m▄[48;5;215;38;5;214m▄[48;5;214;38;5;215m▄[48;5;215;38;5;214m▄[48;5;208m▄[48;5;216;38;5;255m▄[48;5;231;38;5;231m█[48;5;231;38;5;231m▄[48;5;231;38;5;231m█[48;5;251;38;5;188m▄[49;38;5;16m▄[39m [38;5;16m▄[39m  [00m
          [48;5;250;38;5;231m▄[49;39m [48;5;248;38;5;248m▄[48;5;231;38;5;231m█[48;5;231;38;5;231m█[48;5;231;38;5;224m▄[48;5;216;38;5;208m▄[48;5;208;38;5;215m▄[48;5;215;38;5;214m▄[48;5;214m▄[38;5;214m█[48;5;214m▄[48;5;214;38;5;214m▄[48;5;215;38;5;214m▄[48;5;208;38;5;215m▄[48;5;208;38;5;215m▄[48;5;215;38;5;214m▄[48;5;214m█[38;5;215m▄[48;5;215;38;5;208m▄[48;5;208;38;5;215m▄[48;5;223;38;5;255m▄[48;5;231;38;5;231m█[48;5;231;38;5;231m█[48;5;231;38;5;231m▄[48;5;231;38;5;231m█[48;5;254;38;5;254m▄[48;5;16;38;5;16m▄[49;39m [48;5;240;38;5;248m▄[49;39m  [00m
          [48;5;231;38;5;250m▄[49;39m [48;5;248;38;5;246m▄[48;5;231;38;5;231m█[48;5;231;38;5;223m▄[48;5;215;38;5;208m▄[48;5;208;38;5;215m▄[48;5;215;38;5;214m▄[48;5;214m█[38;5;215m▄[48;5;214;38;5;214m█[48;5;214;38;5;214m▄[38;5;214m████[48;5;214m▄[48;5;214;38;5;215m▄[48;5;215;38;5;208m▄[48;5;208;38;5;215m▄[48;5;223;38;5;231m▄[48;5;231;38;5;231m█[48;5;231;38;5;231m▄[48;5;231;38;5;231m█[48;5;231;38;5;231m▄[48;5;231;38;5;231m█[48;5;254;38;5;254m▄[48;5;16;38;5;16m▄[49;39m [48;5;248;38;5;240m▄[49;39m  [00m
          [48;5;244;38;5;244m▄[49;39m [48;5;66;38;5;18m▄[48;5;254;38;5;172m▄[48;5;215;38;5;214m▄[48;5;208;38;5;215m▄[48;5;215;38;5;214m▄[48;5;214;38;5;215m▄[48;5;215;38;5;208m▄[48;5;208;38;5;216m▄[48;5;208;38;5;224m▄[48;5;214;38;5;215m▄[48;5;214;38;5;208m▄[48;5;214;38;5;215m▄[38;5;214m▄[48;5;214;38;5;214m▄[48;5;214;38;5;215m▄[48;5;215;38;5;208m▄[48;5;208;38;5;215m▄[48;5;223;38;5;231m▄[48;5;231;38;5;231m█[48;5;231;38;5;231m▄[48;5;231;38;5;231m██[48;5;231;38;5;231m▄[48;5;231;38;5;231m█[48;5;188;38;5;251m▄[49;38;5;16m▀[38;5;231m▄[38;5;16m▀[39m  [00m
         [38;5;226m▄[38;5;208m▀[39m [48;5;214;38;5;214m▄[48;5;208;38;5;214m▄[48;5;215;38;5;214m▄[48;5;214;38;5;215m▄[48;5;215;38;5;208m▄[48;5;208;38;5;216m▄[48;5;215;38;5;231m▄[48;5;231;38;5;231m▄[48;5;231m█[48;5;223;38;5;255m▄[48;5;208;38;5;215m▄[48;5;215;38;5;214m▄[48;5;214;38;5;215m▄[38;5;215m▄[48;5;215;38;5;208m▄[48;5;208;38;5;216m▄[48;5;224;38;5;231m▄[48;5;231;38;5;231m█[48;5;231;38;5;231m▄[48;5;231;38;5;231m██[48;5;231;38;5;231m▄[48;5;231;38;5;231m▄[48;5;231;38;5;253m▄[48;5;246;38;5;16m▄[49;39m [48;5;252;38;5;240m▄[49;39m   [00m
        [38;5;208m▄[38;5;208m▀[38;5;208m▄[48;5;214;38;5;214m▄[48;5;214;38;5;214m▄[48;5;214;38;5;215m▄[48;5;215;38;5;214m▄[48;5;208;38;5;216m▄[48;5;216;38;5;231m▄[48;5;231;38;5;231m▄[48;5;231;38;5;231m▄[48;5;231;38;5;231m▄[48;5;231;38;5;231m▄[48;5;231;38;5;231m█[48;5;223;38;5;231m▄[48;5;208;38;5;215m▄[48;5;215;38;5;214m▄[48;5;215;38;5;208m▄[48;5;208;38;5;216m▄[48;5;224;38;5;231m▄[48;5;231;38;5;231m▄[48;5;231;38;5;231m▄[48;5;231;38;5;231m██[38;5;231m▄[48;5;231;38;5;231m▄[48;5;231;38;5;188m▄[48;5;145;38;5;16m▄[49;39m [48;5;231;38;5;240m▄[49;39m    [00m
       [38;5;214m▄[38;5;214m▀[38;5;215m▄[48;5;214;38;5;214m▄[48;5;214;38;5;214m▄[48;5;214;38;5;214m▄[48;5;214;38;5;214m▄[49;38;5;208m▀[38;5;248m▀[48;5;231;38;5;248m▄[48;5;231;38;5;231m▄[48;5;231;38;5;231m▄[48;5;231;38;5;231m▄[38;5;231m▄[48;5;231;38;5;231m▄[48;5;231;38;5;231m█[48;5;223;38;5;231m▄[48;5;208;38;5;208m▄[48;5;208;38;5;216m▄[48;5;255;38;5;231m▄[48;5;231;38;5;231m▄[48;5;231;38;5;231m▄[48;5;231;38;5;231m▄[38;5;231m▄[48;5;231;38;5;231m▄[48;5;231;38;5;231m▄[48;5;231;38;5;246m▄[49;38;5;241m▀[38;5;231m▄[38;5;250m▀[39m     [00m
      [38;5;214m▄[38;5;208m▀[38;5;214m▄[48;5;214;38;5;214m▄[48;5;214;38;5;214m▄[38;5;214m▄[49;38;5;214m▀[39m [38;5;214m▄[38;5;16m▄[39m [38;5;247m▀[48;5;255;38;5;95m▄[48;5;231;38;5;252m▄[48;5;231;38;5;231m▄▄[48;5;231m▄[48;5;231m▄[48;5;223;38;5;231m▄[48;5;255;38;5;231m▄[48;5;231;38;5;231m▄[48;5;231m▄[48;5;231m▄[48;5;231;38;5;231m▄[48;5;231;38;5;251m▄[48;5;254;38;5;236m▄[49;38;5;244m▀[38;5;231m▄[48;5;231;38;5;16m▄[49m▀[39m      [00m
     [48;5;196;38;5;208m▄[49;39m [38;5;214m▄[48;5;214;38;5;214m▄[48;5;214;38;5;214m▄[49;38;5;214m▀[39m [38;5;214m▄▀[39m  [38;5;16m▀[38;5;231m▀[38;5;250m▄[38;5;16m▀[38;5;244m▀[38;5;251m▀[48;5;253;38;5;16m▄[48;5;255;38;5;237m▄[48;5;255;38;5;243m▄[38;5;243m▄[48;5;254;38;5;235m▄[48;5;253;38;5;16m▄[49;38;5;250m▀[38;5;242m▀[38;5;16m▀[38;5;244m▄[38;5;250m▀[38;5;16m▀[39m        [00m
    [48;5;208;38;5;214m▄[49;39m [48;5;214;38;5;214m▄[48;5;214;38;5;214m▄[49;38;5;214m▀[38;5;196m▄[38;5;208m▄▀[39m       [38;5;16m▀[38;5;250m▀[38;5;231m▀[38;5;16m▄[38;5;244m▄[38;5;250m▄▄[38;5;244m▄[38;5;16m▄[38;5;231m▀[38;5;250m▀[38;5;16m▀[39m           [00m
   [38;5;208m▀[39m [48;5;214;38;5;214m▄[49;38;5;214m▀[39m [48;5;196;38;5;208m▄[49m▀[39m                                [00m
    [38;5;196m▀[38;5;226m▄[39m [38;5;226m▀[39m                                  [00m
                                          [00m
